#*# [bed_mesh default]
#*# version = 1
#*# points =
#*# 	-0.062454, -0.043160, -0.062960, -0.094732, -0.121003, -0.181254, -0.213259, -0.227972, -0.229905, -0.208143, -0.178816, -0.156042, -0.145995, -0.135723, -0.129762, -0.117787, -0.105858, -0.100141, -0.074933, -0.062869
#*# 	-0.094413, -0.064959, -0.087376, -0.111827, -0.151400, -0.186441, -0.230759, -0.248936, -0.243496, -0.211186, -0.177653, -0.139750, -0.130959, -0.125803, -0.110211, -0.093653, -0.049148, -0.043151, -0.033552, -0.043392
#*# 	-0.052270, -0.047816, -0.062794, -0.084826, -0.112081, -0.167711, -0.210689, -0.232985, -0.229195, -0.183678, -0.141945, -0.118429, -0.112719, -0.111488, -0.103426, -0.087259, -0.066946, -0.040859, -0.010555, 0.003832
#*# 	-0.057566, -0.041728, -0.057219, -0.074633, -0.115679, -0.162325, -0.204516, -0.238371, -0.228511, -0.184296, -0.123025, -0.101719, -0.080280, -0.074678, -0.062292, -0.039056, -0.003746, 0.020497, 0.031668, 0.076534
#*# 	-0.020748, -0.019125, -0.025935, -0.047538, -0.086522, -0.120179, -0.175350, -0.216488, -0.200608, -0.148706, -0.100212, -0.055956, -0.046518, -0.038110, -0.034297, -0.028267, -0.003403, 0.013426, 0.060148, 0.121479
#*# 	-0.014575, 0.001921, -0.012670, -0.026958, -0.044174, -0.091412, -0.135854, -0.170673, -0.156245, -0.104889, -0.064147, -0.019455, 0.007211, 0.025678, 0.042268, 0.056950, 0.078132, 0.093067, 0.110174, 0.164282
#*# 	0.026607, 0.037740, 0.050542, 0.024369, 0.003728, -0.024252, -0.059928, -0.077004, -0.082339, -0.044376, -0.002596, 0.031443, 0.048681, 0.071326, 0.085408, 0.090446, 0.092794, 0.101328, 0.127133, 0.151356
#*# 	0.032500, 0.064025, 0.061466, 0.054832, 0.047220, 0.027261, 0.010182, -0.016491, -0.004971, 0.013031, 0.040994, 0.065852, 0.100049, 0.123763, 0.157161, 0.165666, 0.198377, 0.197921, 0.186330, 0.182239
#*# 	0.084391, 0.105642, 0.131040, 0.133127, 0.132601, 0.126568, 0.117134, 0.100050, 0.091389, 0.101718, 0.110039, 0.123411, 0.138983, 0.155991, 0.190144, 0.209981, 0.220422, 0.224427, 0.221085, 0.213675
#*# 	0.087748, 0.123798, 0.145759, 0.144521, 0.163066, 0.183757, 0.185090, 0.175921, 0.153184, 0.146104, 0.140556, 0.148654, 0.158373, 0.181335, 0.222441, 0.250544, 0.299280, 0.294241, 0.271790, 0.247630
#*# 	0.122037, 0.151053, 0.177619, 0.183676, 0.206517, 0.223130, 0.232704, 0.213429, 0.192834, 0.185123, 0.158785, 0.157536, 0.157245, 0.155492, 0.188115, 0.203575, 0.222521, 0.233104, 0.242037, 0.224834
#*# 	0.076610, 0.126124, 0.138267, 0.152343, 0.161819, 0.189279, 0.183249, 0.173775, 0.166957, 0.166475, 0.161358, 0.147105, 0.144615, 0.141803, 0.156795, 0.181979, 0.200672, 0.217471, 0.211337, 0.192640
#*# 	0.064626, 0.097799, 0.125766, 0.118181, 0.138835, 0.136276, 0.142131, 0.131562, 0.137559, 0.139095, 0.129646, 0.128373, 0.101576, 0.094873, 0.096625, 0.092014, 0.100650, 0.111666, 0.131308, 0.131844
#*# 	0.022539, 0.068510, 0.068773, 0.071276, 0.069094, 0.075548, 0.074848, 0.074848, 0.083769, 0.100609, 0.100054, 0.095402, 0.089119, 0.071836, 0.086813, 0.082504, 0.091096, 0.100869, 0.085980, 0.083931
#*# 	0.015019, 0.059331, 0.066187, 0.047160, 0.053754, 0.056279, 0.044112, 0.045663, 0.038018, 0.073376, 0.072671, 0.064520, 0.052840, 0.034331, 0.028946, 0.022327, 0.018496, 0.004979, 0.028704, 0.012690
#*# 	-0.023107, 0.020053, 0.024440, 0.010342, 0.000141, -0.000642, -0.004599, -0.000465, 0.018010, 0.038064, 0.050494, 0.055055, 0.043159, 0.029972, 0.026313, 0.025005, 0.023129, 0.023129, 0.008221, -0.015074
#*# 	-0.039204, 0.002646, 0.023615, 0.012613, 0.011758, 0.009501, -0.002208, 0.003818, 0.013771, 0.026758, 0.037162, 0.036408, 0.023577, -0.002672, -0.004042, -0.015043, -0.036324, -0.045324, -0.049667, -0.073847
#*# 	-0.089832, -0.023385, -0.013537, -0.002019, -0.009173, -0.018781, -0.012217, -0.013532, 0.001555, 0.017605, 0.030343, 0.026226, 0.014137, 0.003359, 0.001967, 0.003358, -0.007096, -0.025126, -0.055575, -0.098332
#*# 	-0.081594, -0.012406, 0.007186, 0.009590, 0.012585, -0.002001, 0.004539, 0.005074, 0.009212, 0.016925, 0.013323, 0.019670, 0.005084, -0.002655, -0.019639, -0.035600, -0.064433, -0.093190, -0.110069, -0.129132
#*# 	-0.094262, -0.024385, -0.014575, -0.001962, 0.002496, -0.008562, 0.002780, 0.009910, 0.007162, 0.021786, 0.019661, 0.018843, 0.006144, -0.007434, -0.017663, -0.019321, -0.041898, -0.062448, -0.101092, -0.157603
#*# x_count = 20
#*# y_count = 20
#*# mesh_x_pps = 2
#*# mesh_y_pps = 2
#*# algo = bicubic
#*# tension = 0.2
#*# min_x = 5.0
#*# max_x = 281.83
#*# min_y = 15.0
#*# max_y = 288.97999999999996
#*#
